Decision Tree:
Accuracy: 0.8781990521327014
Precision: 0.7260748959778086
Recall: 0.735769501054111
F1-score: 0.7308900523560209

Random Forest:
Accuracy: 0.9221169036334913
Precision: 0.9345794392523364
Recall: 0.7027406886858749
F1-score: 0.8022462896109106
