Accuracy: 0.8225908372827804
Precision: 0.711864406779661
Recall: 0.354181307097681
F1-score: 0.47301736274049744
